
x <- c(1,3, 5) 

y <- c(3, 2, 10)

